14.066277985854555 100.60771440892893
14.066145918774652 100.60726231123061
14.066141233643151 100.60633978999829
14.06893152166846  100.6067917187703
14.071140074391096 100.60353085457069
14.07194807821567  100.60628933334942
14.073279907347683 100.60735742364318
14.074490314921107 100.60549760084388
14.074203625091798 100.60397500709337
14.073367067987434 100.6018602135681
14.071611487689395 100.60150335158636
14.07008656265792  100.60404830638794
14.067675712163066 100.60195929094851
14.069924453377865 100.60185928471236
14.072294173467142 100.60980648343866